.Random.seed <-
c(403L, 10L, 100800585L, 1469132027L, -752220982L, 1658173996L, 
-171065809L, -403734811L, -1030491236L, 1109267954L, 427659373L, 
938244519L, -596300850L, -1896492760L, 232166187L, 1352560969L, 
-959969704L, -760785146L, -20753695L, -152766861L, -674210078L, 
-1314659756L, 1380010839L, -818745523L, 1051349732L, -178750774L, 
1387246389L, 1541634447L, 17690262L, -1849815488L, -789096701L, 
-1454076127L, 1523726352L, -2058526738L, 1837129625L, -743684053L, 
201698586L, 194576348L, 1356161503L, 1251747253L, 2127831884L, 
379290018L, 1600205053L, 1864596983L, -113800418L, 955536856L, 
-1980035269L, -8599335L, -1094171544L, 1857526166L, -1658803951L, 
1604856515L, -1131896110L, -1777147036L, 1203816103L, 387485693L, 
-1279964684L, -1753000230L, -1718482907L, 1274316095L, -630732090L, 
-446912688L, -119449741L, -1794729583L, 230173632L, -968385122L, 
-1545056407L, -1101952101L, 256135850L, -1374110516L, 1988863375L, 
1331446213L, -1487755908L, -1580651054L, 1894422861L, -171578361L, 
-1648391186L, -590277944L, -54809141L, -1473443799L, 1919053432L, 
73329574L, -767443519L, -1068328365L, -1065234174L, -1221437388L, 
2081702327L, -1383414355L, 1217814212L, -436522262L, 1417741653L, 
-1479689489L, -48437002L, -472987616L, 2079300067L, -2007692671L, 
700900592L, 143514510L, 853423353L, 606576267L, -1952624966L, 
-1480064580L, -1663134977L, -1061083563L, 243794284L, 112681410L, 
-1278461411L, 1251672727L, -1731965954L, 1973897144L, -511542373L, 
-417406471L, -1427517112L, -1475589002L, -191727183L, 937199587L, 
-1131318094L, -1817929468L, 102670919L, 1385973021L, -539163756L, 
389076794L, -1962706043L, -1056247713L, -1447767322L, 902674800L, 
1456751251L, -5743823L, -1702704672L, -1757163906L, -1975053047L, 
1875543867L, -2055438582L, 70754028L, -637801617L, -1398768475L, 
1259363932L, 1040111154L, 1648928045L, 1981182951L, 971551502L, 
688190696L, 549416683L, 903200649L, -44819688L, 1264963142L, 
-670171487L, -1073372877L, -1601769310L, 14434196L, 993177111L, 
692550157L, -762499292L, -497444086L, 354997877L, -427129393L, 
-276058410L, 1348224L, -373801789L, 80788065L, 1101034192L, -665992146L, 
-751719975L, -740928021L, -1405452198L, -1613876708L, 1432101663L, 
1100117877L, 1368972812L, -1298192414L, -1306202947L, 691940151L, 
558732254L, 774770968L, 280630395L, 1459989017L, 1459477160L, 
1539420246L, -1997722415L, 1938700419L, -338728174L, 94449316L, 
391789159L, -1143925827L, 453799220L, 1170736794L, -10750747L, 
727058047L, 432123910L, -661097584L, 1288216115L, 931376593L, 
1069879168L, 173531742L, -8881751L, 915462235L, -861314966L, 
612634892L, 559336271L, -1881393147L, 1199515324L, 526057362L, 
1090276493L, 729266887L, -1824654418L, 1935062536L, 1459300875L, 
1412860649L, -1264495176L, 417337958L, 1915920129L, -436627053L, 
1233384002L, -1664879116L, 49639415L, -1141541907L, -872670076L, 
1569940138L, 600643605L, -363929425L, 1393651382L, 1278516448L, 
752033827L, -1441276095L, -771890640L, 1131225166L, 55861433L, 
-495897397L, -1404733062L, -1082815844L, 1258448402L, 1837852032L, 
1457739284L, 1794575912L, -419343046L, 1497970640L, 1696088684L, 
-363851980L, 626727570L, 895793504L, -475788980L, -1640661024L, 
514078626L, 1055854504L, -1435933812L, 228521660L, -1169523854L, 
1596463344L, -1595379644L, -893960872L, -2133023686L, -2135123088L, 
-310178756L, -2011577580L, 728269250L, -1409556256L, -1058486404L, 
1510790864L, -1390614878L, -956191704L, -1408331508L, -13055044L, 
-1589338830L, -1185876032L, 2105856564L, -1190110264L, 1173419194L, 
-703807600L, 929656300L, -138629036L, 75968146L, 2114507552L, 
177087948L, 1126398944L, -2091287870L, 1637157416L, 1105061548L, 
1541393084L, 1561037298L, 704919856L, -1739268956L, -1577731400L, 
1136374618L, 1741616528L, -33463940L, 1361397012L, 1063612738L, 
1973902080L, -1940460612L, 301626192L, -969066206L, -634692280L, 
-1537189876L, 512974940L, -1846412078L, -1768171520L, -85984428L, 
-431220248L, 1685540858L, 1898483408L, -1378355924L, -1219198732L, 
-1115441262L, 1243995232L, -1805464308L, 530071264L, -2122400414L, 
-1494408536L, 2107624012L, 989988732L, -2041427150L, 857994864L, 
-590439100L, -235127848L, -1049165702L, -511396304L, -700095812L, 
-463927468L, -270618046L, 1397744544L, -1689624388L, -2055087664L, 
-255695518L, -1055372312L, 793890764L, -950855940L, 1717678066L, 
1185168512L, -764659468L, 23372936L, -625621702L, -720014512L, 
1761705068L, 952176788L, 1530034514L, 2047534816L, 1062035660L, 
813478048L, -896618110L, 314626280L, -2022551316L, 563114044L, 
1586401394L, 1008334960L, -109069788L, -898248136L, 550871578L, 
1780869328L, 1535841852L, 1848054932L, -703478654L, 1743384512L, 
1618765116L, -1942636912L, -1064334302L, 745293832L, -363891572L, 
1357797404L, 1336706194L, 1073564800L, 807967764L, 302031656L, 
-1523176390L, -234009392L, 286944364L, -1312942412L, 1087356946L, 
-1903325216L, 588100556L, -258402848L, 863124514L, 2099492136L, 
891855116L, 1089973820L, -2061052686L, 430921968L, 1100048196L, 
-210194344L, 177527354L, 72648944L, -1107356996L, -1691295212L, 
-1254294334L, 1892845152L, 208237948L, 1025907920L, 325610530L, 
-527484760L, -500662900L, 767424956L, -1772242894L, 214453056L, 
-26372428L, -1470369464L, 1263084218L, -497133808L, -1958115092L, 
1308080212L, 98381586L, -2057301600L, 1658007500L, -933054624L, 
258008258L, -1291243992L, 1914349996L, 1868227388L, 193909618L, 
1651439408L, 1579042852L, -659874248L, -1657281830L, -1868802160L, 
677555452L, 15000980L, 514249538L, -1054680576L, -968050628L, 
-1616184752L, 781566114L, -2126855352L, 80015884L, 1436218076L, 
97724498L, 1694596224L, 1629097812L, -1646346264L, -1722561798L, 
-1913905328L, 1038943276L, -114310796L, 94819986L, 113007200L, 
1675933836L, -131741344L, 950221026L, 308069544L, 1395855052L, 
-434718212L, -2087722062L, -608224272L, -1067533884L, -386290344L, 
-46487174L, 265689520L, 1348944316L, -811884972L, -1852266046L, 
-1613133024L, 144055228L, -877035440L, -1441053726L, 1111877480L, 
1026400076L, -120398084L, -747946254L, 1540742400L, -502269292L, 
-1865496411L, 1720405423L, -1229818264L, 1665379910L, 1815210995L, 
1694096213L, -1289366222L, -498878208L, -1838276119L, 106959963L, 
2120814252L, -841742150L, -765812113L, 100610041L, 247410318L, 
298712924L, 1285391309L, 1811039031L, 2091604416L, -417739106L, 
848582507L, -372355347L, 803257178L, -1546987496L, -652708479L, 
-2070117581L, 1078972756L, 2115375970L, 1060638711L, -878997439L, 
502961350L, -476294652L, 1561943477L, -1792605537L, -865586440L, 
-1612134698L, -287960221L, -1233044699L, -1415272254L, -1414363728L, 
-74570279L, 2138477387L, -934506052L, 1150374378L, 92923423L, 
130864297L, -1139676098L, 848516396L, -1845153923L, 1649823175L, 
1337153712L, -1309497650L, -1809134597L, 1864141917L, 495854474L, 
695714728L, -138104559L, 1515558915L, 688786180L, 1631016754L, 
1018467719L, -2089034799L, 1602381142L, 840694580L, 2085221957L, 
-203914609L, 2126547976L, -287053786L, -1467619117L, 1432074805L, 
1242216850L, -589755040L, 2056643785L, 434878459L, 1312061388L, 
493423194L, 402171727L, -130902503L, -292105170L, 2096368188L, 
883828653L, 1302843479L, 1848616352L, -1076582658L, 467236299L, 
-1954184243L, 671008506L, -531247816L, 405247713L, 590698899L, 
95183284L, -293469502L, 377651927L, -237984991L, -1692081434L, 
-339647516L, -1455889643L, 51014463L, 900431576L, 1382169334L, 
1936336131L, -914846139L, -1492421022L, 868003280L, -1851012359L, 
1909180459L, -2120738916L, 1194731466L, 1951637695L, 871199241L, 
1540045598L, 1395335884L, -241059171L, 1185060647L, 1549900112L, 
-1656051730L, -1250023269L, 154067709L, -1425290774L, 818606728L, 
810927153L, 572696227L, -963502428L, -1554030766L, 1236874919L, 
1591945969L, 345383478L, 583040724L, -82771355L, 1006215279L, 
-1916210520L, 1378353158L, 675061043L, -1820028523L, -252350990L, 
-143338944L, -1735169111L, -5306853L, -1717551124L, -588036102L, 
-1558995921L, 317463609L, -1848562098L, 452976284L, 1798583309L, 
1609238647L, -708083584L, -2096163106L, -631812693L, 1269792429L, 
